local Global = (getgenv and getgenv()) or shared
Global.GelatekReanimateConfig = {
    -- [[ Rig Settings ]] --
    ["AnimationsDisabled"] = false,
    ["R15ToR6"] = true,
    ["DontBreakHairWelds"] = false,
    ["PermanentDeath"] = false,
    ["Headless"] = false,
    ["TeleportBackWhenVoided"] = false,
    
    -- [[ Reanimation Settings ]] --
    ["AlignReanimate"] = false,
    ["FullForceAlign"] = true,
    ["FasterHeartbeat"] = true,
    ["DynamicalVelocity"] = false,
    ["DisableTweaks"] = false,
    
    -- [[ Optimization ]] --
    ["OptimizeGame"] = false,

    -- [[ Miscellacious ]] --
    ["LoadLibrary"] = false,
    ["DetailedCredits"] = false,
    
    -- [[ Flinging Methods ]] --
    ["TorsoFling"] = true,
    ["BulletEnabled"] = false,
    ["BulletConfig"] = {
        ["RunAfterReanimate"] = false,
        ["LockBulletOnTorso"] = false
    }
}
loadstring(game:HttpGet("https://raw.githubusercontent.com/Gelatekussy/GelatekReanimate/main/Main.lua"))()
wait(8)
lol = getcustomasset or getsynasset
getgenv().LoadLibrary = function(lib) return loadstring(game:HttpGet("https://raw.githubusercontent.com/Roblox/Core-Scripts/master/CoreScriptsRoot/Libraries/" .. lib .. ".lua"))() end
wait(0.2)
Effects = { }
local Player = game:GetService("Players").LocalPlayer
local chara = game.Players.LocalPlayer.Character
local Humanoid = chara:FindFirstChildOfClass("Humanoid")
local Mouse = Player:GetMouse()
local LeftArm = chara["Left Arm"]
local RightArm = chara["Right Arm"]
local LeftLeg = chara["Left Leg"]
local RightLeg = chara["Right Leg"]
local Head = chara.Head
local Torso = chara.Torso
local RootPart = chara.HumanoidRootPart
local RootJoint = RootPart.RootJoint
local attack = false
local Anim = 'Idle'
local attacktype = 1
local delays = false
local play = true
local targetted = nil
local Torsovelocity = (RootPart.Velocity * Vector3.new(1, 0, 1)).magnitude 
local velocity = RootPart.Velocity.y
local sine = 0
local change = 1
local doe = 0
local heddo = nil
local grabhead = false
local armo = nil
local grabhand = false
local Create = LoadLibrary("RbxUtility").Create
Humanoid.WalkSpeed = 8
local sick = Instance.new("Sound",Character)
sick.SoundId = "rbxassetid://939549629"
sick.Looped = true
sick.Pitch = 1
sick.Volume = 1
sick:Play()



Humanoid.Animator.Parent = nil
chara.Animate.Parent = nil

local newMotor = function(part0, part1, c0, c1)
	local w = Create('Motor'){
		Parent = part0,
		Part0 = part0,
		Part1 = part1,
		C0 = c0,
		C1 = c1,
	}
	return w
end

function clerp(a, b, t)
	return a:lerp(b, t)
end

RootCF = CFrame.fromEulerAnglesXYZ(-1.57, 0, 3.14)
NeckCF = CFrame.new(0, 1, 0, -1, -0, -0, 0, 0, 1, 0, 1, 0)

local RW = newMotor(Torso, RightArm, CFrame.new(1.5, 0, 0), CFrame.new(0, 0, 0)) 
local LW = newMotor(Torso, LeftArm, CFrame.new(-1.5, 0, 0), CFrame.new(0, 0, 0))
local RH = newMotor(Torso, RightLeg, CFrame.new(.5, -2, 0), CFrame.new(0, 0, 0))
local LH = newMotor(Torso, LeftLeg, CFrame.new(-.5, -2, 0), CFrame.new(0, 0, 0))
RootJoint.C1 = CFrame.new(0, 0, 0)
RootJoint.C0 = CFrame.new(0, 0, 0)
Torso.Neck.C1 = CFrame.new(0, 0, 0)
Torso.Neck.C0 = CFrame.new(0, 1.5, 0)


local rarmc1 = RW.C1
local larmc1 = LW.C1
local rlegc1 = RH.C1
local llegc1 = LH.C1

local resetc1 = false

function PlayAnimationFromTable(table, speed, bool)
	RootJoint.C0 = clerp(RootJoint.C0, table[1], speed) 
	Torso.Neck.C0 = clerp(Torso.Neck.C0, table[2], speed) 
	RW.C0 = clerp(RW.C0, table[3], speed) 
	LW.C0 = clerp(LW.C0, table[4], speed) 
	RH.C0 = clerp(RH.C0, table[5], speed) 
	LH.C0 = clerp(LH.C0, table[6], speed) 
	if bool == true then
		if resetc1 == false then
			resetc1 = true
			RootJoint.C1 = RootJoint.C1
			Torso.Neck.C1 = Torso.Neck.C1
			RW.C1 = rarmc1
			LW.C1 = larmc1
			RH.C1 = rlegc1
			LH.C1 = llegc1
		end
	end
end


ArtificialHB = Instance.new("BindableEvent", script)
ArtificialHB.Name = "Heartbeat"
script:WaitForChild("Heartbeat")
frame = 0.03333333333333
tf = 0
allowframeloss = false
tossremainder = false
lastframe = tick()
script.Heartbeat:Fire()
game:GetService("RunService").Heartbeat:connect(function(s, p)
  tf = tf + s
  if tf >= frame then
    if allowframeloss then
      script.Heartbeat:Fire()
      lastframe = tick()
    else
      for i = 1, math.floor(tf / frame) do
        script.Heartbeat:Fire()
      end
      lastframe = tick()
    end
    if tossremainder then
      tf = 0
    else
      tf = tf - frame * math.floor(tf / frame)
    end
  end
end)
function swait(num)
  if num == 0 or num == nil then
    ArtificialHB.Event:wait()
  else
    for i = 0, num do
      ArtificialHB.Event:wait()
    end
  end
end

function RemoveOutlines(part)
	part.TopSurface, part.BottomSurface, part.LeftSurface, part.RightSurface, part.FrontSurface, part.BackSurface = 10, 10, 10, 10, 10, 10
end
	

CFuncs = {	
	["Part"] = {
		Create = function(Parent, Material, Reflectance, Transparency, BColor, Name, Size)
			local Part = Create("Part"){
				Parent = Parent,
				Reflectance = Reflectance,
				Transparency = Transparency,
				CanCollide = false,
				Locked = true,
				BrickColor = BrickColor.new(tostring(BColor)),
				Name = Name,
				Size = Size,
				Material = Material,
			}
			RemoveOutlines(Part)
			return Part
		end;
	};
	
	["Mesh"] = {
		Create = function(Mesh, Part, MeshType, MeshId, OffSet, Scale)
			local Msh = Create(Mesh){
				Parent = Part,
				Offset = OffSet,
				Scale = Scale,
			}
			if Mesh == "SpecialMesh" then
				Msh.MeshType = MeshType
				Msh.MeshId = MeshId
			end
			return Msh
		end;
	};
	
	["Mesh"] = {
		Create = function(Mesh, Part, MeshType, MeshId, OffSet, Scale)
			local Msh = Create(Mesh){
				Parent = Part,
				Offset = OffSet,
				Scale = Scale,
			}
			if Mesh == "SpecialMesh" then
				Msh.MeshType = MeshType
				Msh.MeshId = MeshId
			end
			return Msh
		end;
	};
	
	["Weld"] = {
		Create = function(Parent, Part0, Part1, C0, C1)
			local Weld = Create("Weld"){
				Parent = Parent,
				Part0 = Part0,
				Part1 = Part1,
				C0 = C0,
				C1 = C1,
			}
			return Weld
		end;
	};
	
	["ParticleEmitter"] = {
		Create = function(Parent, Color1, Color2, LightEmission, Size, Texture, Transparency, ZOffset, Accel, Drag, LockedToPart, VelocityInheritance, EmissionDirection, Enabled, LifeTime, Rate, Rotation, RotSpeed, Speed, VelocitySpread)
			local fp = Create("ParticleEmitter"){
				Parent = Parent,
				Color = ColorSequence.new(Color1, Color2),
				LightEmission = LightEmission,
				Size = Size,
				Texture = Texture,
				Transparency = Transparency,
				ZOffset = ZOffset,
				Acceleration = Accel,
				Drag = Drag,
				LockedToPart = LockedToPart,
				VelocityInheritance = VelocityInheritance,
				EmissionDirection = EmissionDirection,
				Enabled = Enabled,
				Lifetime = LifeTime,
				Rate = Rate,
				Rotation = Rotation,
				RotSpeed = RotSpeed,
				Speed = Speed,
				VelocitySpread = VelocitySpread,
			}
			return fp
		end;
	};

	CreateTemplate = {
	
	};
}


function so(id,par,pit,vol)
  local sou = Instance.new("Sound", par or workspace)
  if par == chara then
    sou.Parent = chara.Torso
  end
  sou.Volume = vol
  sou.Pitch = pit or 1
  sou.SoundId = "rbxassetid://" .. id
  sou.PlayOnRemove = true
  sou:Destroy()
end

New = function(Object, Parent, Name, Data)
	local Object = Instance.new(Object)
	for Index, Value in pairs(Data or {}) do
		Object[Index] = Value
	end
	Object.Parent = Parent
	Object.Name = Name
	return Object
end

function createrainbow(part,size,trans,life,face,speed,accel,velsp,lock,name)
local fira = Instance.new("ParticleEmitter",part)
fira.Name = name
fira.Color = ColorSequence.new(Color3.new(0,0,0))
fira.Size = size
fira.Texture = "rbxasset://textures/particles/fire_main.dds"
fira.Transparency = trans
fira.Lifetime = life
fira.EmissionDirection = face
fira.Rate = 10000
fira.RotSpeed = NumberRange.new(100)
fira.Rotation = NumberRange.new(0,360)
fira.Speed = speed
fira.VelocitySpread = velsp
fira.Acceleration = accel
fira.LockedToPart = lock
return fira
end

Wings = New("Model",chara,"Wings",{})
MainPart = New("Part",Wings,"MainPart",{Transparency = 1,Transparency = 1,Size = Vector3.new(2, 2, 1),CFrame = CFrame.new(67.400032, 1.00001299, -47.2999992, 1, 0, 0, 0, 1, 0, 0, 0, 1),})
Weld = New("ManualWeld",MainPart,"Weld",{Part0 = MainPart,Part1 = Torso,})
Wing1Part = New("Part",Wings,"Wing1Part",{Transparency = 1,CanCollide=true,Size = Vector3.new(0.200000003, 0.200000003, 0.200000003),CFrame = CFrame.new(68.2041626, 2.02130413, -46.7787056, 0.866025448, 0.35355404, 0.35355413, -0.353553772, 0.933016062, -0.0669873655, -0.353553891, -0.0669873059, 0.933015943),})
createrainbow(Wing1Part,NumberSequence.new(.5,1),NumberSequence.new(0),NumberRange.new(1),"Back",NumberRange.new(5),Vector3.new(0,10,0),0,true,"Firea")
Weld = New("ManualWeld",Wing1Part,"Weld",{Part0 = Wing1Part,Part1 = MainPart,C0 = CFrame.new(0, 0, 0, 0.866025448, -0.353553772, -0.353553891, 0.35355404, 0.933016062, -0.0669873059, 0.35355413, -0.0669873655, 0.933015943),C1 = CFrame.new(0.804130554, 1.02129114, 0.52129364, 1, 0, 0, 0, 1, 0, 0, 0, 1),})
Wing2Part = New("Part",Wings,"Wing2Part",{Transparency = 1,CanCollide=true,Size = Vector3.new(0.200000003, 0.200000003, 0.200000003),CFrame = CFrame.new(70.4018326, 6.17824459, -42.6217613, 0.866025448, -0.433013618, 0.250000477, 0.353553772, 0.176777452, -0.918561935, 0.353553891, 0.883886695, 0.306187093),})
createrainbow(Wing2Part,NumberSequence.new(1,0),NumberSequence.new(0),NumberRange.new(1.5),"Back",NumberRange.new(10),Vector3.new(0,10,0),0,true,"Firea")
Weld = New("ManualWeld",Wing2Part,"Weld",{Part0 = Wing2Part,Part1 = MainPart,C0 = CFrame.new(0, 0, 0, 0.866025448, 0.353553772, 0.353553891, -0.433013618, 0.176777452, 0.883886695, 0.250000477, -0.918561935, 0.306187093),C1 = CFrame.new(3.00180054, 5.17823172, 4.67823792, 1, 0, 0, 0, 1, 0, 0, 0, 1),})
Wing2Part = New("Part",Wings,"Wing2Part",{Transparency = 1,CanCollide=true,Size = Vector3.new(0.200000003, 0.200000003, 0.200000003),CFrame = CFrame.new(70.4018326, 6.17824459, -42.6217613, 0.866025448, -0.482963979, 0.12940979, 0.353553772, 0.408495188, -0.841509461, 0.353553891, 0.774522126, 0.524520695),})
createrainbow(Wing2Part,NumberSequence.new(1,0),NumberSequence.new(0),NumberRange.new(1.5),"Back",NumberRange.new(10),Vector3.new(0,10,0),0,true,"Firea")
Weld = New("ManualWeld",Wing2Part,"Weld",{Part0 = Wing2Part,Part1 = MainPart,C0 = CFrame.new(0, 0, 0, 0.866025448, 0.353553772, 0.353553891, -0.482963979, 0.408495188, 0.774522126, 0.12940979, -0.841509461, 0.524520695),C1 = CFrame.new(3.00180054, 5.17823172, 4.67823792, 1, 0, 0, 0, 1, 0, 0, 0, 1),})
Wing2Part = New("Part",Wings,"Wing2Part",{Transparency = 1,CanCollide=true,Size = Vector3.new(0.200000003, 0.200000003, 0.200000003),CFrame = CFrame.new(70.4018326, 6.17824459, -42.6217613, 0.866025448, -0.500001192, 3.06954462e-12, 0.353553772, 0.612374902, -0.707109571, 0.353553891, 0.61237514, 0.707109332),})
createrainbow(Wing2Part,NumberSequence.new(1,0),NumberSequence.new(0),NumberRange.new(1.5),"Back",NumberRange.new(10),Vector3.new(0,10,0),0,true,"Firea")
Weld = New("ManualWeld",Wing2Part,"Weld",{Part0 = Wing2Part,Part1 = MainPart,C0 = CFrame.new(0, 0, 0, 0.866025448, 0.353553772, 0.353553891, -0.500001192, 0.612374902, 0.61237514, 3.06954462e-12, -0.707109571, 0.707109332),C1 = CFrame.new(3.00180054, 5.17823172, 4.67823792, 1, 0, 0, 0, 1, 0, 0, 0, 1),})

Halo = New("Model",chara,"Halo",{})
AHaloPart = New("Part",Halo,"AHaloPart",{Transparency = 1,Transparency = 1,Size = Vector3.new(0.200000003, 0.200000003, 0.200000003),CFrame = CFrame.new(-18.7999973, 5.50001764, -16.4999981, 1.00000644, 0, 1.25170106e-06, 0, 1, 0, 1.22189874e-06, 0, 1.00000715),CanCollide = false,BottomSurface = Enum.SurfaceType.Smooth,TopSurface = Enum.SurfaceType.Smooth,})
HaWeld = New("ManualWeld",AHaloPart,"HaWeld",{Part0 = AHaloPart,Part1 = Head,C0 = CFrame.new(0, 0, 0, 1.00000644, 0, 1.22189874e-06, 0, 1, 0, 1.25170106e-06, 0, 1.00000715),C1 = CFrame.new(-1.90734863e-06, 1.00000906, 1.33514404e-05, -1, 0, 0, 0, 1, 0, 0, 0, -1),})
HaPart = New("Part",Halo,"HaPart",{BrickColor = BrickColor.new("Really black"),Material = Enum.Material.SmoothPlastic,Size = Vector3.new(0.400000006, 0.200000003, 0.200000003),CFrame = CFrame.new(-18.1071625, 5.50001764, -16.0999889, 0.500003397, 0, 0.866038799, 0, 1, 0, -0.866037428, 0, 0.500008583),CanCollide = false,BottomSurface = Enum.SurfaceType.Smooth,TopSurface = Enum.SurfaceType.Smooth,Color = Color3.new(0.0666667, 0.0666667, 0.0666667),})
Weld = New("ManualWeld",HaPart,"Weld",{Part0 = HaPart,Part1 = AHaloPart,C0 = CFrame.new(0, 0, 0, 0.499999106, 0, -0.866026282, 0, 1, 0, 0.866026342, 0, 0.499999285),C1 = CFrame.new(0.692829132, 0, 0.400005341, 1.00000644, 0, 1.22189874e-06, 0, 1, 0, 1.25170106e-06, 0, 1.00000715),})
HaPart = New("Part",Halo,"HaPart",{BrickColor = BrickColor.new("Really black"),Material = Enum.Material.SmoothPlastic,Size = Vector3.new(0.400000006, 0.200000003, 0.200000003),CFrame = CFrame.new(-18.285759, 5.50001764, -15.8871527, 0.76605016, 0, 0.642795265, 0, 1, 0, -0.642793238, 0, 0.766053021),CanCollide = false,BottomSurface = Enum.SurfaceType.Smooth,TopSurface = Enum.SurfaceType.Smooth,Color = Color3.new(0.0666667, 0.0666667, 0.0666667),})
Weld = New("ManualWeld",HaPart,"Weld",{Part0 = HaPart,Part1 = AHaloPart,C0 = CFrame.new(0, 0, 0, 0.766044378, 0, -0.642788231, 0, 1, 0, 0.642788351, 0, 0.766044497),C1 = CFrame.new(0.514234543, 0, 0.612840652, 1.00000238, 0, 3.57627869e-07, 0, 1, 0, 3.57627869e-07, 0, 1.00000262),})
HaPart = New("Part",Halo,"HaPart",{BrickColor = BrickColor.new("Really black"),Material = Enum.Material.SmoothPlastic,Size = Vector3.new(0.400000006, 0.200000003, 0.200000003),CFrame = CFrame.new(-19.0736217, 5.50001764, -17.2517643, 0.939700842, 0, 0.342024595, 0, 1, 0, -0.342021763, 0, 0.939702868),CanCollide = false,BottomSurface = Enum.SurfaceType.Smooth,TopSurface = Enum.SurfaceType.Smooth,Color = Color3.new(0.0666667, 0.0666667, 0.0666667),})
Weld = New("ManualWeld",HaPart,"Weld",{Part0 = HaPart,Part1 = AHaloPart,C0 = CFrame.new(0, 0, 0, 0.939693093, 0, -0.342019916, 0, 1, 0, 0.342020094, 0, 0.939693153),C1 = CFrame.new(-0.273622513, 0, -0.751760483, 1.00000238, 0, 3.57627869e-07, 0, 1, 0, 3.57627869e-07, 0, 1.00000262),})
HaPart = New("Part",Halo,"HaPart",{BrickColor = BrickColor.new("Really black"),Material = Enum.Material.SmoothPlastic,Size = Vector3.new(0.400000006, 0.200000003, 0.200000003),CFrame = CFrame.new(-19.4928379, 5.50001764, -16.9000072, 0.500003397, 0, 0.866038799, 0, 1, 0, -0.866037428, 0, 0.500008583),CanCollide = false,BottomSurface = Enum.SurfaceType.Smooth,TopSurface = Enum.SurfaceType.Smooth,Color = Color3.new(0.0666667, 0.0666667, 0.0666667),})
Weld = New("ManualWeld",HaPart,"Weld",{Part0 = HaPart,Part1 = AHaloPart,C0 = CFrame.new(0, 0, 0, 0.499999106, 0, -0.866026282, 0, 1, 0, 0.866026342, 0, 0.499999285),C1 = CFrame.new(-0.692834854, 0, -0.400005341, 1.00000644, 0, 1.22189874e-06, 0, 1, 0, 1.25170106e-06, 0, 1.00000715),})
HaPart = New("Part",Halo,"HaPart",{BrickColor = BrickColor.new("Really black"),Material = Enum.Material.SmoothPlastic,Size = Vector3.new(0.400000006, 0.200000003, 0.200000003),CFrame = CFrame.new(-19.4928265, 5.50001764, -16.0999737, -0.500008047, 0, 0.866034508, 0, 1, 0, -0.866037786, 0, -0.500004828),CanCollide = false,BottomSurface = Enum.SurfaceType.Smooth,TopSurface = Enum.SurfaceType.Smooth,Color = Color3.new(0.0666667, 0.0666667, 0.0666667),})
Weld = New("ManualWeld",HaPart,"Weld",{Part0 = HaPart,Part1 = AHaloPart,C0 = CFrame.new(0, 0, 0, -0.500000477, 0, -0.866025746, 0, 1, 0, 0.866025627, 0, -0.500000358),C1 = CFrame.new(-0.692825317, 0, 0.400022507, 1.00000501, 0, 8.64267349e-07, 0, 1, 0, 8.94069672e-07, 0, 1.00000548),})
HaPart = New("Part",Halo,"HaPart",{BrickColor = BrickColor.new("Really black"),Material = Enum.Material.SmoothPlastic,Size = Vector3.new(0.400000006, 0.200000003, 0.200000003),CFrame = CFrame.new(-19.5878544, 5.50001764, -16.6389122, 0.173646897, 0, 0.984815121, 0, 1, 0, -0.984815359, 0, 0.173649639),CanCollide = false,BottomSurface = Enum.SurfaceType.Smooth,TopSurface = Enum.SurfaceType.Smooth,Color = Color3.new(0.0666667, 0.0666667, 0.0666667),})
Weld = New("ManualWeld",HaPart,"Weld",{Part0 = HaPart,Part1 = AHaloPart,C0 = CFrame.new(0, 0, 0, 0.173647016, 0, -0.984808564, 0, 1, 0, 0.984808564, 0, 0.173647195),C1 = CFrame.new(-0.787851334, 0, -0.138912201, 1, 0, 0, 0, 1, 0, 0, 0, 1),})
HaPart = New("Part",Halo,"HaPart",{BrickColor = BrickColor.new("Really black"),Material = Enum.Material.SmoothPlastic,Size = Vector3.new(0.400000006, 0.200000003, 0.200000003),CFrame = CFrame.new(-18.5263824, 5.50001764, -17.2517605, -0.939701259, 0, 0.342020363, 0, 1, 0, -0.342023492, 0, -0.93970114),CanCollide = false,BottomSurface = Enum.SurfaceType.Smooth,TopSurface = Enum.SurfaceType.Smooth,Color = Color3.new(0.0666667, 0.0666667, 0.0666667),})
Weld = New("ManualWeld",HaPart,"Weld",{Part0 = HaPart,Part1 = AHaloPart,C0 = CFrame.new(0, 0, 0, -0.93969363, 0, -0.34201926, 0, 1, 0, 0.342019081, 0, -0.93969363),C1 = CFrame.new(0.273614883, 0, -0.751756668, 1.00000119, 0, 1.78813934e-07, 0, 1, 0, 1.78813934e-07, 0, 1.00000131),})
HaPart = New("Part",Halo,"HaPart",{BrickColor = BrickColor.new("Really black"),Material = Enum.Material.SmoothPlastic,Size = Vector3.new(0.400000006, 0.200000003, 0.200000003),CFrame = CFrame.new(-18.0121346, 5.50001764, -16.6389122, -0.173651725, 0, 0.984817922, 0, 1, 0, -0.984819889, 0, -0.173648074),CanCollide = false,BottomSurface = Enum.SurfaceType.Smooth,TopSurface = Enum.SurfaceType.Smooth,Color = Color3.new(0.0666667, 0.0666667, 0.0666667),})
Weld = New("ManualWeld",HaPart,"Weld",{Part0 = HaPart,Part1 = AHaloPart,C0 = CFrame.new(0, 0, 0, -0.173648179, 0, -0.984808624, 0, 1, 0, 0.984808445, 0, -0.17364794),C1 = CFrame.new(0.787857056, 0, -0.138914108, 1.00000358, 0, 5.81145287e-07, 0, 1, 0, 5.96046448e-07, 0, 1.00000393),})
HaPart = New("Part",Halo,"HaPart",{BrickColor = BrickColor.new("Really black"),Material = Enum.Material.SmoothPlastic,Size = Vector3.new(0.400000006, 0.200000003, 0.200000003),CFrame = CFrame.new(-18.0121384, 5.50001764, -16.3610725, 0.173646957, 0, 0.984817505, 0, 1, 0, -0.984817922, 0, 0.173650518),CanCollide = false,BottomSurface = Enum.SurfaceType.Smooth,TopSurface = Enum.SurfaceType.Smooth,Color = Color3.new(0.0666667, 0.0666667, 0.0666667),})
Weld = New("ManualWeld",HaPart,"Weld",{Part0 = HaPart,Part1 = AHaloPart,C0 = CFrame.new(0, 0, 0, 0.173647016, 0, -0.984808624, 0, 1, 0, 0.984808564, 0, 0.173647255),C1 = CFrame.new(0.787853241, 0, 0.138923645, 1.00000238, 0, 3.57627869e-07, 0, 1, 0, 3.57627869e-07, 0, 1.00000262),})
HaPart = New("Part",Halo,"HaPart",{BrickColor = BrickColor.new("Really black"),Material = Enum.Material.SmoothPlastic,Size = Vector3.new(0.400000006, 0.200000003, 0.200000003),CFrame = CFrame.new(-18.2857647, 5.50001764, -17.1128464, -0.766056955, 0, 0.642793596, 0, 1, 0, -0.642798543, 0, -0.766054869),CanCollide = false,BottomSurface = Enum.SurfaceType.Smooth,TopSurface = Enum.SurfaceType.Smooth,Color = Color3.new(0.0666667, 0.0666667, 0.0666667),})
Weld = New("ManualWeld",HaPart,"Weld",{Part0 = HaPart,Part1 = AHaloPart,C0 = CFrame.new(0, 0, 0, -0.766045511, 0, -0.642787457, 0, 1, 0, 0.642787278, 0, -0.766045451),C1 = CFrame.new(0.514230728, 0, -0.612844467, 1.00000644, 0, 1.22189874e-06, 0, 1, 0, 1.25170106e-06, 0, 1.00000715),})
HaPart = New("Part",Halo,"HaPart",{BrickColor = BrickColor.new("Really black"),Material = Enum.Material.SmoothPlastic,Size = Vector3.new(0.400000006, 0.200000003, 0.200000003),CFrame = CFrame.new(-18.1071663, 5.50001764, -16.9000053, -0.500009298, 0, 0.866035819, 0, 1, 0, -0.866039753, 0, -0.500005484),CanCollide = false,BottomSurface = Enum.SurfaceType.Smooth,TopSurface = Enum.SurfaceType.Smooth,Color = Color3.new(0.0666667, 0.0666667, 0.0666667),})
Weld = New("ManualWeld",HaPart,"Weld",{Part0 = HaPart,Part1 = AHaloPart,C0 = CFrame.new(0, 0, 0, -0.500000715, 0, -0.866026103, 0, 1, 0, 0.866025865, 0, -0.500000477),C1 = CFrame.new(0.692827225, 0, -0.400005341, 1.00000644, 0, 1.22189874e-06, 0, 1, 0, 1.25170106e-06, 0, 1.00000715),})
HaPart = New("Part",Halo,"HaPart",{BrickColor = BrickColor.new("Really black"),Material = Enum.Material.SmoothPlastic,Size = Vector3.new(0.400000006, 0.200000003, 0.200000003),CFrame = CFrame.new(-19.3142319, 5.50001764, -15.8871336, -0.766055584, 0, 0.642793, 0, 1, 0, -0.642797172, 0, -0.766053736),CanCollide = false,BottomSurface = Enum.SurfaceType.Smooth,TopSurface = Enum.SurfaceType.Smooth,Color = Color3.new(0.0666667, 0.0666667, 0.0666667),})
Weld = New("ManualWeld",HaPart,"Weld",{Part0 = HaPart,Part1 = AHaloPart,C0 = CFrame.new(0, 0, 0, -0.766045511, 0, -0.642787457, 0, 1, 0, 0.642787278, 0, -0.766045451),C1 = CFrame.new(-0.514232635, 0, 0.61286068, 1.00000501, 0, 8.64267349e-07, 0, 1, 0, 8.94069672e-07, 0, 1.00000548),})
HaPart = New("Part",Halo,"HaPart",{BrickColor = BrickColor.new("Really black"),Material = Enum.Material.SmoothPlastic,Size = Vector3.new(0.400000006, 0.200000003, 0.200000003),CFrame = CFrame.new(-19.0736103, 5.50001764, -15.7482185, -0.939703703, 0, 0.34202081, 0, 1, 0, -0.342024893, 0, -0.939703524),CanCollide = false,BottomSurface = Enum.SurfaceType.Smooth,TopSurface = Enum.SurfaceType.Smooth,Color = Color3.new(0.0666667, 0.0666667, 0.0666667),})
Weld = New("ManualWeld",HaPart,"Weld",{Part0 = HaPart,Part1 = AHaloPart,C0 = CFrame.new(0, 0, 0, -0.939693749, 0, -0.342019379, 0, 1, 0, 0.342019081, 0, -0.939693689),C1 = CFrame.new(-0.273612976, 0, 0.751774788, 1.00000358, 0, 5.81145287e-07, 0, 1, 0, 5.96046448e-07, 0, 1.00000393),})
HaPart = New("Part",Halo,"HaPart",{BrickColor = BrickColor.new("Really black"),Material = Enum.Material.SmoothPlastic,Size = Vector3.new(0.400000006, 0.200000003, 0.200000003),CFrame = CFrame.new(-19.587862, 5.50001764, -16.3610744, -0.173652977, 0, 0.984820604, 0, 1, 0, -0.984823227, 0, -0.17364794),CanCollide = false,BottomSurface = Enum.SurfaceType.Smooth,TopSurface = Enum.SurfaceType.Smooth,Color = Color3.new(0.0666667, 0.0666667, 0.0666667),})
Weld = New("ManualWeld",HaPart,"Weld",{Part0 = HaPart,Part1 = AHaloPart,C0 = CFrame.new(0, 0, 0, -0.173648298, 0, -0.984808683, 0, 1, 0, 0.984808445, 0, -0.17364791),C1 = CFrame.new(-0.787858963, 0, 0.138923645, 1.00000644, 0, 1.22189874e-06, 0, 1, 0, 1.25170106e-06, 0, 1.00000715),})
HaPart = New("Part",Halo,"HaPart",{BrickColor = BrickColor.new("Really black"),Material = Enum.Material.SmoothPlastic,Size = Vector3.new(0.400000006, 0.200000003, 0.200000003),CFrame = CFrame.new(-18.7999992, 5.50001764, -17.3000011, 1.00001216, 0, 2.29479861e-06, 0, 1, 0, 2.29479883e-06, 0, 1.00001347),CanCollide = false,BottomSurface = Enum.SurfaceType.Smooth,TopSurface = Enum.SurfaceType.Smooth,Color = Color3.new(0.0666667, 0.0666667, 0.0666667),})
Weld = New("ManualWeld",HaPart,"Weld",{Part0 = HaPart,Part1 = AHaloPart,C0 = CFrame.new(0, 0, 0, 1.00000072, 0, 1.78813934e-07, 0, 1, 0, 1.78813934e-07, 0, 1.00000083),C1 = CFrame.new(0, 0, -0.79999733, 1.00000501, 0, 8.64267349e-07, 0, 1, 0, 8.94069672e-07, 0, 1.00000548),})
Horns = New("Part",Halo,"Horns",{FormFactor = Enum.FormFactor.Custom,Size = Vector3.new(0.100000001, 0.100000001, 0.100000001),CFrame = CFrame.new(-18.7999992, 5.72899342, -16.4698296, -1, 0, 0, 0, 1, 0, 0, 0, -1),CanCollide = false,BottomSurface = Enum.SurfaceType.Smooth,TopSurface = Enum.SurfaceType.Smooth,})
Mesh = New("SpecialMesh",Horns,"Mesh",{Scale = Vector3.new(1.08000004, 1, 1),VertexColor = Vector3.new(-1, -1, -1),MeshId = "http://www.roblox.com/asset/?id=71494804",TextureId = "http://www.roblox.com/asset/?id=71494779",MeshType = Enum.MeshType.FileMesh,})
Weld = New("ManualWeld",Horns,"Weld",{Part0 = Horns,Part1 = Head,C0 = CFrame.new(0, 0, 0, -1, 0, 0, 0, 1, 0, 0, 0, -1),C1 = CFrame.new(0, 1.22898483, -0.0301551819, -1, 0, 0, 0, 1, 0, 0, 0, -1),})
for i,v in pairs(Halo:children()) do
if v:IsA("BasePart") then
v.CustomPhysicalProperties = PhysicalProperties.new(0,0,0,0,0)
end
end
coroutine.wrap(function()
while true do
swait()
HaWeld.C0 = HaWeld.C0 * CFrame.Angles(0,math.rad(1),0)
end
end)()



function CreateTrailObj(parent,color1,color2,ofsx,ofsz)
local Att1 =  New("Attachment",parent,"Att1",{Position = Vector3.new(ofsx,parent.Size.Y/2,ofsz)})
local Att2 =  New("Attachment",parent,"Att2",{Position = Vector3.new(ofsx,-(parent.Size.Y/2),ofsz)})
local TEff = New("Trail",parent,"TrailEff",{Color = ColorSequence.new({ColorSequenceKeypoint.new(0,BrickColor.new(color1).Color),ColorSequenceKeypoint.new(1,BrickColor.new(color2).Color)}),Transparency = NumberSequence.new({NumberSequenceKeypoint.new(0,.5),NumberSequenceKeypoint.new(1,1)}),Attachment0 = Att1,Attachment1 = Att2,Enabled = false,Lifetime = .5,MinLength = .001,LightEmission = 1})
return TEff
end

LLTr = CreateTrailObj(LeftLeg,"White","White",0,0)
RLTr = CreateTrailObj(RightLeg,"White","White",0,0)
LATr = CreateTrailObj(LeftArm,"White","White",0,0)
RATR = CreateTrailObj(RightArm,"White","White",0,0)

function rayCast(Position, Direction, Range, Ignore)
	return game:service("Workspace"):FindPartOnRay(Ray.new(Position, Direction.unit * (Range or 999.999)), Ignore) 
end 

function killmortal(dude,faws)
local hah = dude:FindFirstChildOfClass("Humanoid")
if hah and dude:FindFirstChild("Debawns")==nil and dude.Name ~= "Salvo_Starly" and dude.Name ~= "NoobyGames12" and dude.Name ~= "CKbackup" and dude.Name ~= "Nebula_Zorua" then
local torsy = dude:FindFirstChild("UpperTorso") or dude:FindFirstChild("Torso")
if torsy then
local val = Instance.new("BoolValue",dude)
val.Name = "Debawns"
game:service'Debris':AddItem(val,2)
torsy.Velocity = RootPart.CFrame.lookVector*faws
coroutine.wrap(function()
for nn=1,math.random(4,6) do
local bl = Instance.new("Part",dude)
bl.CFrame = torsy.CFrame + Vector3.new(math.random(-1,1),0,math.random(-1,1))
local randd = math.random(6,20)/10
bl.Size = Vector3.new(randd,.2,randd)
bl.BrickColor = BrickColor.new("Maroon")
bl.Material = "Granite"
local clm = Instance.new("CylinderMesh",bl)
coroutine.wrap(function()
swait(120)
for i=0,1,.01 do
clm.Scale = Vector3.new(1-i,1-i,1-i)
swait()
end
bl:Destroy()
end)()
end
end)()
end
hah:TakeDamage(math.random(30,35))
end
end

function mdmg(Part, Magnitude, HitType)
	for _, c in pairs(workspace:GetDescendants()) do
		local hum = c:FindFirstChildOfClass("Humanoid")
		if hum ~= nil then
			local head = c:FindFirstChild("UpperTorso") or c:FindFirstChild("Torso")
			if head ~= nil then
				local targ = head.Position - Part.Position
				local mag = targ.magnitude
				if mag <= Magnitude and c.Name ~= Player.Name and c:FindFirstChild("MagDmgd")==nil then 
				if c.Name ~= chara then
				if c.Name ~= "CKbackup" or c.Name ~= "Nebula_Zorua" or c.Name ~= "Salvo_Starly" then
			local val = Instance.new("BoolValue",c)
			val.Name = "MagDmgd"
					--Damage(head, head, MinimumDamage, MaximumDamage, KnockBack, Type, RootPart, .1, "rbxassetid://" .. HitSound, HitPitch)
				if HitType == "Blunt" then				
				so(386946017,head,.95,3)
				elseif HitType == "Scream" then
				coroutine.wrap(function()
				local haed = c:FindFirstChild("Head")
				swait(3)
				so(206082327,haed,1,5)
				local passa = haed.Position
				haed:Destroy()
				createSplatter(passa)
				for i=1,15 do
				local bl = Instance.new("Part",head)
				bl.CFrame = CFrame.new(passa) + Vector3.new(math.random(-10,10)/10,0,math.random(-10,10)/10)
				local rand = math.random(2,7)/10
				bl.Size = Vector3.new(rand,rand,rand)
				bl.BrickColor = BrickColor.new("Maroon")
				bl.Material = "Granite"
				end
				end)()
				elseif HitType == "Arm" then
				grabhand = false	
				so(386946017,head,.95,3)
				armo:BreakJoints()
				local ar = armo
				coroutine.wrap(function()
				ar.Velocity = RootPart.CFrame.lookVector*-5 + RootPart.CFrame.rightVector*-5 + Vector3.new(0,60,0)
				swait(2)
				ar.CanCollide = true
				swait(60)
				for i=0,1,.05 do
				swait()
				ar.Transparency = i
				end
				ar.Parent:Destroy()
				end)()
				armo = nil
				elseif HitType == "Shot" then
				so(144884872,head,.9,3)
				game:service'Debris':AddItem(val,.05)	
				end
				killmortal(c,10)
				    else
					end
				end
			end
		end
	end
	end
end

--[[FindNearestTorso = function(pos)
	local list = (game.workspace:GetDescendants())
	local torso = nil
	local dist = 1000
	local temp, human, temp2 = nil, nil, nil
	for x = 1, #list do
		temp2 = list[x]
		if temp2.className == "Model" and temp2.Name ~= chara.Name then
			temp = temp2:findFirstChild("Torso")
			human = temp2:FindFirstChildOfClass("Humanoid")
			if temp ~= nil and human ~= nil and human.Health > 0 and (temp.Position - pos).magnitude < dist then
				local dohit = true
				if dohit == true then
					torso = temp
					dist = (temp.Position - pos).magnitude
				end
			end
		end
	end
	return torso, dist
end]]


function FindNearestTorso(Position, Distance, SinglePlayer)
	if SinglePlayer then
		return (SinglePlayer.Head.CFrame.p - Position).magnitude < Distance
	end
	local List = {}
	for i, v in pairs(workspace:GetDescendants()) do
		if v:IsA("Model") then
			if v:findFirstChild("Head") then
				if v ~= chara then
					if (v.Head.Position - Position).magnitude <= Distance then
						table.insert(List, v)
					end 
				end 
			end 
		end 
	end
	return List
end


--Chat Function--
function chatfunc(text)
coroutine.wrap(function()
if chara:FindFirstChild("TalkingBillBoard")~= nil then
chara:FindFirstChild("TalkingBillBoard"):destroy()
end
local naeeym2 = Instance.new("BillboardGui",chara)
naeeym2.Size = UDim2.new(0,100,0,40)
naeeym2.StudsOffset = Vector3.new(0,3,0)
naeeym2.Adornee = chara.Head
naeeym2.Name = "TalkingBillBoard"
local tecks2 = Instance.new("TextLabel",naeeym2)
tecks2.BackgroundTransparency = 1
tecks2.BorderSizePixel = 0
tecks2.Text = ""
tecks2.Font = "Fantasy"
tecks2.FontSize = "Size24"
tecks2.TextStrokeTransparency = 0
tecks2.TextColor3 = Color3.new(.6,0,0)
tecks2.TextStrokeColor3 = Color3.new(0,0,0)
tecks2.Size = UDim2.new(1,0,0.5,0)
local shk = coroutine.wrap(function()
while tecks2 ~= nil do
swait(.05)
tecks2.Position = UDim2.new(0,math.random(-3,3),0,math.random(-3,3))
end
end)
shk()
for i = 1,string.len(text),1 do
tecks2.Text = string.sub(text,1,i)
swait(0.01)
end
swait(30)
for i = 1, 5 do
swait()
tecks2.Position = tecks2.Position - UDim2.new(0,0,.05,0)
tecks2.TextStrokeTransparency = tecks2.TextStrokeTransparency +.2
tecks2.TextTransparency = tecks2.TextTransparency + .2
end
naeeym2:Destroy()
end)()
end




EffectModel = Create("Model"){
	Parent = chara,
	Name = "Effects",
}


Effects = {
	Block = {
		Create = function(brickcolor, cframe, x1, y1, z1, x3, y3, z3, delay, Type)
			local prt = CFuncs.Part.Create(EffectModel, "Neon", 0, 0, brickcolor, "Effect", Vector3.new())
			prt.Anchored = true
			prt.CFrame = cframe
			local msh = CFuncs.Mesh.Create("BlockMesh", prt, "", "", Vector3.new(0, 0, 0), Vector3.new(x1, y1, z1))
			game:GetService("Debris"):AddItem(prt, 10)
			if Type == 1 or Type == nil then
				table.insert(Effects, {
					prt,
					"Block1",
					delay,
					x3,
					y3,
					z3,
					msh
				})
			elseif Type == 2 then
				table.insert(Effects, {
					prt,
					"Block2",
					delay,
					x3,
					y3,
					z3,
					msh
				})
			end
		end;
	};

		Cylinder = {
		Create = function(brickcolor, cframe, x1, y1, z1, x3, y3, z3, delay)
			local prt = CFuncs.Part.Create(EffectModel, "Neon", 0, 0, brickcolor, "Effect", Vector3.new())		
			prt.Anchored = true
			prt.CFrame = cframe
			local msh = CFuncs.Mesh.Create("CylinderMesh", prt, "", "", Vector3.new(0, 0, 0), Vector3.new(x1, y1, z1))
			game:GetService("Debris"):AddItem(prt, 10)
			table.insert(Effects, {
				prt,
				"Cylinder",
				delay,
				x3,
				y3,
				z3,
				msh
			})
		end;
	};
	Head = {
		Create = function(brickcolor, cframe, x1, y1, z1, x3, y3, z3, delay)
			local prt = CFuncs.Part.Create(EffectModel, "Neon", 0, 0, brickcolor, "Effect", Vector3.new())
			prt.Anchored = true
			prt.CFrame = cframe
			local msh = CFuncs.Mesh.Create("SpecialMesh", prt, "Head", "nil", Vector3.new(0, 0, 0), Vector3.new(x1, y1, z1))
			game:GetService("Debris"):AddItem(prt, 10)
			table.insert(Effects, {
				prt,
				"Cylinder",
				delay,
				x3,
				y3,
				z3,
				msh
			})
		end;
	};
	
	Sphere = {
		Create = function(brickcolor, cframe, x1, y1, z1, x3, y3, z3, delay)
			local prt = CFuncs.Part.Create(EffectModel, "Neon", 0, 0, brickcolor, "Effect", Vector3.new())
			prt.Anchored = true
			prt.CFrame = cframe
			local msh = CFuncs.Mesh.Create("SpecialMesh", prt, "Sphere", "", Vector3.new(0, 0, 0), Vector3.new(x1, y1, z1))
			game:GetService("Debris"):AddItem(prt, 10)
			table.insert(Effects, {
				prt,
				"Cylinder",
				delay,
				x3,
				y3,
				z3,
				msh
			})
		end;
	};
	
	Elect = {
		Create = function(cff, x, y, z)
			local prt = CFuncs.Part.Create(EffectModel, "Neon", 0, 0, BrickColor.new("Lime green"), "Part", Vector3.new(1, 1, 1))
			prt.Anchored = true
			prt.CFrame = cff * CFrame.new(math.random(-x, x), math.random(-y, y), math.random(-z, z))
			prt.CFrame = CFrame.new(prt.Position)
			game:GetService("Debris"):AddItem(prt, 2)
			local xval = math.random() / 2
			local yval = math.random() / 2
			local zval = math.random() / 2
			local msh = CFuncs.Mesh.Create("BlockMesh", prt, "", "", Vector3.new(0, 0, 0), Vector3.new(xval, yval, zval))
			table.insert(Effects, {
				prt,
				"Elec",
				0.1,
				x,
				y,
				z,
				xval,
				yval,
				zval
			})
		end;

	};
	
	Ring = {
		Create = function(brickcolor, cframe, x1, y1, z1, x3, y3, z3, delay)
			local prt = CFuncs.Part.Create(EffectModel, "SmoothPlastic", 0, 0, brickcolor, "Effect", Vector3.new())
			prt.Anchored = true
			prt.CFrame = cframe
			local msh = CFuncs.Mesh.Create("SpecialMesh", prt, "FileMesh", "rbxassetid://3270017", Vector3.new(0, 0, 0), Vector3.new(x1, y1, z1))
			game:GetService("Debris"):AddItem(prt, 10)
			table.insert(Effects, {
				prt,
				"Cylinder",
				delay,
				x3,
				y3,
				z3,
				msh
			})
		end;
	};


	Wave = {
		Create = function(brickcolor, cframe, x1, y1, z1, x3, y3, z3, delay)
			local prt = CFuncs.Part.Create(EffectModel, "SmoothPlastic", 0, 0, brickcolor, "Effect", Vector3.new())
			prt.Anchored = true
			prt.CFrame = cframe
			local msh = CFuncs.Mesh.Create("SpecialMesh", prt, "FileMesh", "rbxassetid://20329976", Vector3.new(0, 0, 0), Vector3.new(x1, y1, z1))
			game:GetService("Debris"):AddItem(prt, 10)
			table.insert(Effects, {
				prt,
				"Cylinder",
				delay,
				x3,
				y3,
				z3,
				msh
			})
		end;
	};

	Break = {
		Create = function(brickcolor, cframe, x1, y1, z1)
			local prt = CFuncs.Part.Create(EffectModel, "SmoothPlastic", 0, 0, brickcolor, "Effect", Vector3.new(0.5, 0.5, 0.5))
			prt.Anchored = true
			prt.CFrame = cframe * CFrame.fromEulerAnglesXYZ(math.random(-50, 50), math.random(-50, 50), math.random(-50, 50))
			local msh = CFuncs.Mesh.Create("SpecialMesh", prt, "Sphere", "", Vector3.new(0, 0, 0), Vector3.new(x1, y1, z1))
			local num = math.random(10, 50) / 1000
			game:GetService("Debris"):AddItem(prt, 10)
			table.insert(Effects, {
				prt,
				"Shatter",
				num,
				prt.CFrame,
				math.random() - math.random(),
				0,
				math.random(50, 100) / 100
			})
		end;
	};
	
	Fire = {
		Create = function(brickcolor, cframe, x1, y1, z1, delay)
			local prt = CFuncs.Part.Create(EffectModel, "Neon", 0, 0, brickcolor, "Effect", Vector3.new())
			prt.Anchored = true
			prt.CFrame = cframe
			msh = CFuncs.Mesh.Create("BlockMesh", prt, "", "", Vector3.new(0, 0, 0), Vector3.new(x1, y1, z1))
			game:GetService("Debris"):AddItem(prt, 10)
			table.insert(Effects, {
				prt,
				"Fire",
				delay,
				1,
				1,
				1,
				msh
			})
		end;
	};
	
	FireWave = {
		Create = function(brickcolor, cframe, x1, y1, z1)
			local prt = CFuncs.Part.Create(EffectModel, "Neon", 0, 1, brickcolor, "Effect", Vector3.new())
			prt.Anchored = true
			prt.CFrame = cframe
			msh = CFuncs.Mesh.Create("BlockMesh", prt, "", "", Vector3.new(0, 0, 0), Vector3.new(x1, y1, z1))
			local d = Create("Decal"){
				Parent = prt,
				Texture = "rbxassetid://26356434",
				Face = "Top",
			}
			local d = Create("Decal"){
				Parent = prt,
				Texture = "rbxassetid://26356434",
				Face = "Bottom",
			}
			game:GetService("Debris"):AddItem(prt, 10)
			table.insert(Effects, {
				prt,
				"FireWave",
				1,
				30,
				math.random(400, 600) / 100,
				msh
			})
		end;
	};
	
	Lightning = {
		Create = function(p0, p1, tym, ofs, col, th, tra, last)
			local magz = (p0 - p1).magnitude
			local curpos = p0
			local trz = {
				-ofs,
				ofs
			}
			for i = 1, tym do
				local li = CFuncs.Part.Create(EffectModel, "Neon", 0, tra or 0.4, col, "Ref", Vector3.new(th, th, magz / tym))
				local ofz = Vector3.new(trz[math.random(1, 2)], trz[math.random(1, 2)], trz[math.random(1, 2)])
				local trolpos = CFrame.new(curpos, p1) * CFrame.new(0, 0, magz / tym).p + ofz
				li.Material = "Neon"
				if tym == i then
					local magz2 = (curpos - p1).magnitude
					li.Size = Vector3.new(th, th, magz2)
					li.CFrame = CFrame.new(curpos, p1) * CFrame.new(0, 0, -magz2 / 2)
					table.insert(Effects, {
						li,
						"Disappear",
						last
					})
				else
					do
						do
							li.CFrame = CFrame.new(curpos, trolpos) * CFrame.new(0, 0, magz / tym / 2)
							curpos = li.CFrame * CFrame.new(0, 0, magz / tym / 2).p
							game.Debris:AddItem(li, 10)
							table.insert(Effects, {
								li,
								"Disappear",
								last
							})
						end
					end
				end
			end
		end
	};

	EffectTemplate = {

	};
}


local blpemit = Instance.new("ParticleEmitter")
blpemit.Color = ColorSequence.new(Color3.new(.5,0,0))
blpemit.Texture = "rbxassetid://233069772"
blpemit.Transparency = NumberSequence.new(0,1)
blpemit.Lifetime = NumberRange.new(1,3)
blpemit.Acceleration = Vector3.new(0,-10,0)
blpemit.Enabled = true
blpemit.EmissionDirection = "Front"
blpemit.Speed = NumberRange.new(1,3)
blpemit.Size = NumberSequence.new(.5)
blpemit.Rate = 1000
blpemit.RotSpeed = NumberRange.new(50)
blpemit.Rotation = NumberRange.new(0,360)

function createSplatter(pos)
local emit = Instance.new("Part",chara)
emit.Anchored = true
emit.CanCollide = false
emit.Size = Vector3.new()
emit.Transparency = 1
emit.CFrame = CFrame.new(pos)
local blp = blpemit:Clone()
blp.Parent = emit
blp.Enabled = false
blp.EmissionDirection = "Top"
blp.VelocitySpread = 60
blp.Size = NumberSequence.new(2,0)
blp.Lifetime = NumberRange.new(3)
blp.Speed = NumberRange.new(10)
blp.Acceleration = Vector3.new(0,-10,0)
blp:Emit(math.random(35,40))
game:service'Debris':AddItem(emit,4)
end

function thenatsuki()
attack = true
Humanoid.WalkSpeed = 2
local grab = nil
local torsy = nil
for i, v in pairs(FindNearestTorso(Torso.Position, 5)) do
if v:FindFirstChild('Head') and v:FindFirstChildOfClass("Humanoid") and v:FindFirstChildOfClass("Humanoid").Health > 1 and v.Name ~= "Salvo_Starly" and v.Name ~= "NoobyGames12" and v.Name ~= "CKbackup" and v.Name ~= "Nebula_Zorua" then
torsy = v:FindFirstChild("UpperTorso") or v:FindFirstChild("Torso")
grab = v
end
end
if grab ~= nil and torsy ~= nil then
Instance.new("BoolValue",grab).Name = "NATSUKID"
so(200632136, RootPart, .8, 1)
for i = 0,2,0.1 do
swait()
PlayAnimationFromTable({
CFrame.new(0, 0.00182705373, -0.0581560358, 1, 0, 0, 0, 0.996194661, 0.087155968, 0, -0.087155968, 0.996194661),
CFrame.new(0, 1.49941719, 0.0767186508, 1, 0, 0, 0, 0.996194661, -0.087155968, 0, 0.087155968, 0.996194661),
CFrame.new(1.1733681, 1.00347483, -0.438556999, 0.834721148, 0.546610475, 0.0667646676, 0.395648003, -0.510977745, -0.763128042, -0.383018494, 0.663414538, -0.642789304),
CFrame.new(-1.19234979, 1.02193367, -0.467352033, 0.879184604, -0.471780479, -0.0667649657, -0.349608243, -0.543515444, -0.763128519, 0.323741287, 0.694272459, -0.642788768),
CFrame.new(0.499997675, -1.9992758, -0.116536342, 0.965925872, 0, -0.258818984, -0.02255762, 0.996194661, -0.0841862038, 0.257834077, 0.087155968, 0.962250173),
CFrame.new(-0.50000006, -1.99927592, -0.116537228, 0.984807849, 0, 0.173647985, 0.0151344584, 0.996194661, -0.0858318806, -0.172987193, 0.087155968, 0.981060326),
